date	Species	tube	male	egg_present	time_after_spawning_h	drop_ID	time_after_spawning.min	Total_Sperm	Total_Paths	Slow_Sperm	Motile_Sperm	Progressive_Motile_Sperm	Total_motile_sperm	Percent_Motile	Percent_Progressive	Percent_Total_Motile	Avg_Motile_VCL	Avg_Motile_VAP	Avg_Motile_VSL	Avg_Prog_Motile_VCL	Avg_Prog_Motile_VAP	Avg_Prog_Motile_VSL	Avg_Tot_Motile_VCL	Avg_Tot_Motile_VAP	Avg_Tot_Motile_VSL	percent_slow	time_after_min_round	spawn_event_id	timepoint_id
2023-02-10	D. pertusum	1	47	no	17	a	17	749.666666666667	88	7.33333333333333	74	6	80	9.87679866983857	0.800034217281976	10.6768328871205	65.4080639940228	47.5460241112975	38.8306147296727	115.004085390386	92.6666237959416	84.0996243449392	69.525424869368	51.3107899543065	42.6430139987561	8.51449275362319	17	1	1
2023-02-10	D. pertusum	1	47	no	17	b	17	1282	112.333333333333	18.6666666666667	88	5.33333333333333	93.3333333333333	6.8442824442396	0.409123899398518	7.25340634363812	56.9601041177651	41.2734716532181	34.5828216650826	120.102849021544	92.0921252519775	77.9669988300543	60.205164563435	43.9474556988677	36.9153881855986	16.9906181556667	17	1	1
2023-02-10	D. pertusum	1	47	no	17	c	17	1199.33333333333	95.6666666666667	19	72	4	76	5.88524461305339	0.319045647540223	6.20429026059361	56.5044454813572	40.1644412025171	34.2009609458454	115.777571985836	92.9406165459708	83.9362892204703	59.7406162497831	42.9055365958701	36.7108007372685	20.172042355141	17	1	1
2023-02-11	D. pertusum	1	36	no	0.083	a	0.083	193	6.33333333333333	2.33333333333333	4	0	4	2.07816752315381	0	2.07816752315381	46.4456426725465	35.3039333704105	29.9205840097763	NA	NA	NA	46.4456426725465	35.3039333704105	29.9205840097763	38.6904761904762	0.083	2	2
2023-02-11	D. pertusum	1	36	no	0.083	b	0.083	204.333333333333	4.33333333333333	1	3.33333333333333	0	3.33333333333333	1.66513976979093	0	1.66513976979093	43.6177052513922	35.5275355178759	34.75074313549	NA	NA	NA	43.6177052513922	35.5275355178759	34.75074313549	25	0.083	2	2
2023-02-11	D. pertusum	1	36	no	0.083	c	0.083	165.5	1.5	0.5	1	0	1	0.605473037242994	0	0.605473037242994	32.7522370817362	28.7389928505599	21.187682004909	NA	NA	NA	32.7522370817362	28.7389928505599	21.187682004909	25	0.083	2	2
2023-02-11	D. pertusum	1	36	yes	0.083	a	0.083	147	36.6666666666667	1.33333333333333	28	6.66666666666667	34.6666666666667	18.9640234203134	4.47932531221444	23.4433487325278	65.1342125134309	47.1256138733221	36.3840911732253	112.279786073016	93.5138561601583	65.6068342724062	74.3914559513655	56.3478618968575	42.1838791229615	3.67900505071821	0.083	2	3
2023-02-11	D. pertusum	1	36	yes	0.083	b	0.083	126	22.3333333333333	0.666666666666667	19.6666666666667	2	21.6666666666667	15.628296053828	1.54967569861187	17.1779717524398	65.0532114828228	51.1905221604007	32.8977012024123	99.2898252192343	85.25703537251	81.1890629004214	68.1424572134562	54.3285040252759	37.1239703655474	2.77777777777778	0.083	2	3
2023-02-11	D. pertusum	1	36	yes	0.083	c	0.083	118	27	1.33333333333333	21	4.33333333333333	25.3333333333333	17.809425232119	3.45499428045682	21.2644195125758	63.8949116533378	47.2957894905884	29.9334582758218	114.041186639735	92.8314221206856	62.1912752436091	72.3525613781471	55.1552171050699	35.6589967923725	5.41125541125541	0.083	2	3
2023-02-13	D. pertusum	1	48	no	2.333	a	2.333	1039.33333333333	152	18	111	21.6666666666667	132.666666666667	10.6818614042364	2.08712358037832	12.7689849846147	64.1090317832339	45.2416253045699	39.3951551544561	114.272519652495	94.2494877554823	91.0132222334053	72.5272360330813	53.4770030151694	48.0755558870135	11.8531368849315	2.333	3	4
2023-02-13	D. pertusum	1	48	no	2.333	b	2.333	988.333333333333	233.666666666667	23.3333333333333	184.333333333333	24	208.333333333333	18.6518429201123	2.42612059185146	21.0779635119637	68.8464452369172	47.1358165193253	43.7825384666244	116.405167426709	92.912366118597	90.7135545973216	74.7736857401553	52.6843625552911	49.4925354308694	9.98498863763228	2.333	3	4
2023-02-13	D. pertusum	1	48	no	2.333	c	2.333	774.333333333333	199.333333333333	19.3333333333333	135.333333333333	41.3333333333333	176.666666666667	17.4569918620108	5.3262631175091	22.7832549795199	74.8700685163929	49.1664791308598	48.3488677723004	119.937137521923	96.9387143946099	98.5585253147869	85.7407391381962	60.6983024064941	60.3575169445541	9.7344228804903	2.333	3	4
2023-02-13	D. pertusum	1	48	yes	2.333	a	2.333	408	183.333333333333	3	125.666666666667	51.6666666666667	177.333333333333	30.5494010579912	12.7081009164456	43.2575019744368	72.4220384379134	49.7316480133903	45.587854228327	120.042718905686	99.4175741021594	100.448745391419	86.4550461619059	65.0222976157072	61.8756616009746	1.6708000723346	2.333	3	5
2023-02-13	D. pertusum	1	48	yes	2.333	b	2.333	822.333333333333	243	12.3333333333333	154.666666666667	74.6666666666667	229.333333333333	18.8015119396146	9.06992279755985	27.8714347371744	80.8240283861678	53.8992407553926	51.5920897690433	123.19052620665	98.8840160247388	99.4219001315254	94.7338649206021	68.6252515175042	67.2129017629888	4.89494009608952	2.333	3	5
2023-02-13	D. pertusum	1	48	yes	2.333	c	2.333	208.333333333333	76.6666666666667	2	44	30	74	21.1229312066016	14.3709119402886	35.4938431468902	73.0749970613366	56.1927981671566	47.9775569648979	114.491423209795	95.4700043229094	95.9699043535122	89.8903909498431	72.208011608031	67.5030150819501	2.56835592089652	2.333	3	5
2023-03-02	D. pertusum	1	48	no	0.45	a	0.45	110	16	1	5	10	15	4.54545454545455	9.09090909090909	13.6363636363636	58.0167407748457	41.900069617247	26.7040550340028	130.07869341198	109.482525646943	114.083324353886	106.058042532935	86.955040303711	84.956901247258	6.25	0.45	4	6
2023-03-02	D. pertusum	1	48	no	0.45	b	0.45	139	5.33333333333333	0.333333333333333	3	2	5	2.37061264458525	1.70940170940171	4.08001435398697	50.6304242588618	41.1411321700791	18.075716546883	124.685456546663	105.501708399003	113.913139924898	60.9338634491693	50.2653434828713	30.2466846762815	11.1111111111111	0.45	4	6
2023-03-02	D. pertusum	1	48	no	0.45	c	0.45	117	8.33333333333333	2	2.66666666666667	3.66666666666667	6.33333333333333	2.27855273902971	3.1307184640768	5.40927120310651	67.4920482953291	49.3128580677811	51.731889508247	123.124886318342	104.227727296756	112.374345406412	99.0364316268019	79.9213228239818	85.3404353334885	23.0952380952381	0.45	4	6
2023-03-02	D. pertusum	1	48	yes	0.45	a	0.45	227.666666666667	34	2.33333333333333	17.6666666666667	13	30.6666666666667	8.74830388896884	6.10643027522823	14.8547341641971	64.5817111265792	49.9929139169718	41.933714727613	118.894572434574	98.7431373293829	105.539699320855	88.1188352537779	70.7545635358155	69.5359109712544	6.70940170940171	0.45	4	7
2023-03-02	D. pertusum	1	48	yes	0.45	b	0.45	84.6666666666667	17.3333333333333	1	4.33333333333333	12	16.3333333333333	5.27950310559006	14.6376811594203	19.9171842650104	68.7945096272552	53.8328993449772	47.8269565814553	115.879046113897	96.9388954120649	102.182599566601	103.882310129057	85.8811426529796	87.5734104699731	5.58823529411765	0.45	4	7
2023-03-02	D. pertusum	1	48	yes	0.45	c	0.45	258.333333333333	71.3333333333333	2.33333333333333	29.6666666666667	38.6666666666667	68.3333333333333	11.4819104065282	15.1428693547829	26.6247797613111	68.3030479005446	50.8792631027697	48.3165804388678	122.155228477509	100.688467337048	108.077327639501	97.3237056778747	78.0084503852274	81.041964520636	3.0427894802948	0.45	4	7
2023-07-06	D. dianthus	1	19	no	3.25	a	3.25	453	66	6	43	17	60	9.49227373068433	3.75275938189845	13.2450331125828	72.3898253651433	48.5779520470056	44.3976104619973	134.898629176542	101.822983345196	113.888242243403	90.1006531117063	63.6640442481596	64.0866228000621	9.09090909090909	3.25	5	8
2023-07-06	D. dianthus	1	19	no	3.25	b	3.25	552	95	9	51	34	85	9.23913043478261	6.15942028985507	15.3985507246377	82.8627008833341	48.0175892102581	53.840472951229	137.203185352241	105.421547811033	113.61310065038	104.478959205155	71.0831285480309	77.8483126897026	9.47368421052632	3.25	5	8
2023-07-06	D. dianthus	1	19	no	3.25	c	3.25	559	103	12	57	33	90	10.1967799642218	5.90339892665474	16.1001788908766	85.1951012066889	50.0413378698405	53.6824684051523	135.97983809562	108.141721966653	114.375370307283	103.711427148943	71.4390380583831	76.0498161310203	11.6504854368932	3.25	5	8
2023-07-06	D. dianthus	1	19	no	3.25	d	3.25	641	131	15	76	38	114	11.8564742589704	5.92823712948518	17.7847113884555	72.760553622757	44.2220389020574	46.9428046389735	130.817955952135	106.125128122886	107.954874208007	92.7000309131786	65.1139187229681	67.4774333904303	11.4503816793893	3.25	5	8
2023-07-06	D. dianthus	1	19	no	25.583	a	25.583	94	59	55	4	0	4	4.25531914893617	0	4.25531914893617	40.8092236438365	28.9621501259356	19.7793260976244	NA	NA	NA	40.8092236438365	28.9621501259356	19.7793260976244	93.2203389830508	25.583	5	9
2023-07-06	D. dianthus	1	19	no	25.583	b	25.583	89	57	54	3	0	3	3.37078651685393	0	3.37078651685393	38.5939829763541	32.3023592598108	13.7888982688217	NA	NA	NA	38.5939829763541	32.3023592598108	13.7888982688217	94.7368421052632	25.583	5	9
2024-02-18	D. pertusum	2	59	no	2.35	a	2.25	231	171	0	46	122	168	19.91341991	52.81385281	72.72727273	67.73564058	54.98193794	35.20760355	116.3205677	105.9236563	85.23700328	102.8756417	91.75339051	71.59518874	0	2.35	6	10
2024-02-18	D. pertusum	2	59	no	2.35	b	2.25	249	179	2	45	131	176	18.07228916	52.61044177	70.68273092	70.62575035	54.88134364	37.74345353	115.3621549	103.5414049	83.78126945	103.9325514	91.03389977	71.91874945	1.11731843575419	2.35	6	10
2024-02-18	D. pertusum	2	59	no	2.35	c	2.25	311	239	1	55	177	232	17.68488746	56.91318328	74.59807074	78.22978704	59.63884837	40.03326133	117.1325013	103.7535314	84.294874	107.5748687	92.94679484	73.44181725	0.418410041841004	2.35	6	10
2024-02-18	D. pertusum	2	59	no	13.017	a	13.017	401	222	11	109	99	208	27.18204489	24.6882793	51.87032419	63.44580049	52.41799295	31.32413891	110.5873011	99.06670051	75.52972061	85.91085212	74.68957209	52.52748482	4.95495495495495	13.017	6	11
2024-02-18	D. pertusum	2	59	no	13.017	b	13.017	400	248	13	130	103	233	32.5	25.75	58.25	61.22535573	50.29077926	25.36184999	110.7359613	98.84317038	73.93940456	83.12337934	71.81746891	46.93474227	5.24193548387097	13.017	6	11
2024-02-18	D. pertusum	2	59	no	13.017	c	13.017	387	246	15	133	97	230	34.36692506	25.06459948	59.43152455	63.46962997	52.1807383	29.12945262	108.09104	97.34703355	71.32633121	82.35799256	71.26663124	46.97644859	6.09756097560976	13.017	6	11
2024-02-18	D. pertusum	2	59	yes	2.35	a	2.35	183	138	1	36	100	136	19.67213115	54.64480874	74.31693989	76.1558262	60.31084502	35.05989931	121.4944165	107.2351097	92.54372488	109.5406339	94.70180679	77.44523282	0.72463768115942	2.35	6	12
2024-02-18	D. pertusum	2	59	yes	2.35	b	2.35	155	117	0	30	86	116	19.35483871	55.48387097	74.83870968	71.24996954	59.62684689	39.27169569	120.448485	107.4223453	92.87184972	107.5463261	94.9267387	78.87560199	0	2.35	6	12
2024-02-18	D. pertusum	2	59	yes	2.35	c	2.35	188	144	0	28	116	144	14.89361702	61.70212766	76.59574468	74.539188	59.39583014	40.33976919	120.4671044	108.3055826	92.50599122	111.5366762	98.79535295	82.36255916	0	2.35	6	12
2024-02-18	D. pertusum	2	59	yes	13.017	a	13.017	272	162	2	63	95	158	23.16176471	34.92647059	58.08823529	65.56910411	54.09350644	29.00517762	108.4804226	98.14635165	76.14016686	91.32414006	80.56769854	57.27074188	1.23456790123457	13.017	6	13
2024-02-18	D. pertusum	2	59	yes	13.017	b	13.017	255	166	8	73	81	154	28.62745098	31.76470588	60.39215686	62.89467394	53.6568061	28.84210204	109.8144705	99.73030303	79.83511351	87.76219279	77.9324555	55.71821941	4.81927710843374	13.017	6	13
2024-02-18	D. pertusum	2	59	yes	13.017	c	13.017	243	155	7	80	67	147	32.9218107	27.57201646	60.49382716	65.91560701	55.95741044	31.09378125	108.1286447	97.74607427	77.58618309	85.1612955	75.0366613	52.18214354	4.51612903225806	13.017	6	13
2024-02-20	D. pertusum	8	69	no	4.8	a	4.733	400	318	10	57	250	307	14.25	62.5	76.75	87.51017381	53.3539176	47.77694603	137.2942998	118.710028	91.739646	128.0557535	106.4868471	83.637163	3.14465408805031	4.8	7	14
2024-02-20	D. pertusum	8	69	no	4.8	b	4.733	367	301	5	45	250	295	12.26158038	68.11989101	80.38147139	95.06906598	56.36313813	51.69895254	133.8943032	117.5170494	92.45614062	127.9110826	108.0928896	86.20629283	1.66112956810631	4.8	7	14
2024-02-20	D. pertusum	8	69	no	4.8	c	4.733	410	319	3	63	249	312	15.36585366	60.73170732	76.09756098	95.07023547	58.84674956	50.3724731	135.0865292	116.4261658	91.52745745	126.8535307	104.480261	83.06287958	0.940438871473354	4.8	7	14
2024-02-20	D. pertusum	8	69	yes	4.8	a	4.867	394	319	9	45	264	309	11.4213198	67.00507614	78.42639594	106.1374914	60.18884312	61.30320727	134.8257904	115.8619077	92.57514084	130.5887402	107.6624929	87.99693523	2.82131661442006	4.8	7	15
2024-02-20	D. pertusum	8	69	yes	4.8	b	4.867	379	299	5	43	250	293	11.34564644	65.96306069	77.30870712	93.53457968	60.46108094	50.8876582	133.2601536	115.2737175	94.60340644	127.2913209	107.1337837	87.9860726	1.67224080267559	4.8	7	15
2024-02-20	D. pertusum	8	69	yes	4.8	c	4.867	294	241	2	40	198	238	13.60544218	67.34693878	80.95238095	88.81367799	54.08729103	52.94767703	131.4344887	115.8351395	97.93713461	124.4119947	105.3483599	90.38076178	0.829875518672199	4.8	7	15
2024-02-20	D. pertusum	9	69	no	4.7	a	4.483	141	89	0	8	81	89	5.673758865	57.44680851	63.12056738	41.41347733	37.57162304	17.48126575	134.5759446	120.6502024	105.8253992	126.2017902	113.1824649	97.88435348	0	4.7	8	16
2024-02-20	D. pertusum	9	69	no	4.7	b	4.483	110	65	0	4	61	65	3.636363636	55.45454545	59.09090909	43.40900276	38.7010547	14.43866046	133.3246483	119.9902323	109.7147668	127.7913778	114.9878213	103.8516218	0	4.7	8	16
2024-02-20	D. pertusum	9	69	no	4.7	c	4.483	117	71	1	10	60	70	8.547008547	51.28205128	59.82905983	64.92389189	47.28420913	30.46135792	135.3285404	121.3139697	112.7034482	125.2707335	110.7382897	100.9545781	1.40845070422535	4.7	8	16
2024-02-20	D. pertusum	9	69	no	9.1	a	9.1	384	300	6	61	231	292	15.88541667	60.15625	76.04166667	85.22652619	54.83140974	43.71450789	133.6498507	116.6143243	88.95570155	123.4842079	103.5400209	79.52944727	2	9.1	8	17
2024-02-20	D. pertusum	9	69	no	9.1	b	9.1	473	373	8	61	302	363	12.89640592	63.84778013	76.74418605	85.76941717	55.84156763	43.19839923	134.7884535	116.1471454	92.19735559	126.6616982	105.8667176	83.95893817	2.14477211796247	9.1	8	17
2024-02-20	D. pertusum	9	69	no	9.1	c	9.1	448	367	5	65	294	359	14.50892857	65.625	80.13392857	91.37280022	57.78330944	46.55336585	134.4794981	117.5277458	88.23923125	126.3763536	106.4841813	80.52409899	1.36239782016349	9.1	8	17
2024-02-20	D. pertusum	9	69	yes	4.7	a	4.7	61	52	1	5	46	51	8.196721311	75.40983607	83.60655738	60.13586896	55.89961558	29.64352344	135.1605323	122.3319235	113.6156234	127.8051731	115.8189521	105.3830646	1.92307692307692	4.7	8	18
2024-02-20	D. pertusum	9	69	yes	4.7	b	4.7	70	61	0	5	56	61	7.142857143	80	87.14285714	68.67792622	43.61541075	39.01711837	134.9558393	120.6733857	112.1238162	129.5232235	114.3571582	106.1314639	0	4.7	8	18
2024-02-20	D. pertusum	9	69	yes	4.7	c	4.7	59	51	2	5	44	49	8.474576271	74.57627119	83.05084746	54.93517878	42.86905992	21.88491592	132.9619579	120.389541	111.3705251	125.0000417	112.4792878	102.2393405	3.92156862745098	4.7	8	18
2024-02-20	D. pertusum	9	69	yes	9.1	a	9.133	332	278	7	23	246	269	6.927710843	74.09638554	81.02409639	118.8070797	58.10354179	77.65344923	137.0003079	118.7099997	101.8230049	135.208223	113.2784536	99.59591267	2.51798561151079	9.1	8	19
2024-02-20	D. pertusum	9	69	yes	9.1	b	9.133	338	287	2	38	245	283	11.24260355	72.4852071	83.72781065	119.0138516	57.44793065	69.83171376	138.5597751	120.1509525	99.56655332	135.8583545	111.5021638	95.4766581	0.696864111498258	9.1	8	19
2024-02-20	D. pertusum	9	69	yes	9.1	c	9.133	316	267	4	25	238	263	7.911392405	75.3164557	83.2278481	106.7735432	59.32036349	63.7132506	142.1066156	121.8802172	102.9411868	138.7479585	115.9334631	99.21229556	1.49812734082397	9.1	8	19
2024-02-24	D. pertusum	2	52	no	2.2	a	1.967	187	130	118	3	9	12	1.60427807486631	4.81283422459893	6.41711229946524	39.7232464870281	37.1773496175772	16.5649367136126	120.904540021143	107.073706954263	98.6889131996862	100.609216637614	89.5996176200919	78.1579190781678	90.7692307692308	2.2	9	20
2024-02-24	D. pertusum	2	52	no	2.2	b	1.967	160	133	119	7	7	14	4.375	4.375	8.75	49.6217022773335	37.9018262295989	19.4875853106478	109.423058391625	101.79651092596	86.0824128377095	79.5223803344793	69.8491685777792	52.7849990741787	89.4736842105263	2.2	9	20
2024-02-24	D. pertusum	2	52	no	2.2	c	1.967	173	134	120	5	9	14	2.89017341040462	5.20231213872832	8.09248554913295	52.8454155426435	33.7436960854424	23.2165248952364	128.337583638072	112.284912982384	95.8430637350917	101.376095032562	84.2344783763334	69.9050141494291	89.5522388059701	2.2	9	20
2024-02-24	D. pertusum	2	52	yes	2.2	a	2.2	72	64	41	9	14	23	12.5	19.4444444444444	31.9444444444444	62.6435505653181	45.8858056622443	42.0599741619394	130.943664806284	115.370205163881	104.795695823995	104.217533146775	88.1806575328059	80.2469351736255	64.0625	2.2	9	21
2024-02-24	D. pertusum	2	52	yes	2.2	b	2.2	62	54	38	11	5	16	17.741935483871	8.06451612903226	25.8064516129032	52.29620086844	42.5808759900507	26.9720559911947	129.192947813029	118.044460014503	111.130090729673	76.3264342886242	66.1632459976919	53.2714418469692	70.3703703703704	2.2	9	21
2024-02-24	D. pertusum	2	52	yes	2.2	c	2.2	70	67	45	10	12	22	14.2857142857143	17.1428571428571	31.4285714285714	51.8643929505104	44.5457850536035	26.407973574024	124.280545095244	113.226170464572	104.426990339909	91.3641123021833	82.0078134595861	68.9638009008702	67.1641791044776	2.2	9	21
2024-02-24	D. pertusum	6	52	no	1.4	a	1.367	173	143	110	22	11	33	12.7167630057803	6.35838150289017	19.0751445086705	48.4543540652485	38.5733478356835	15.3631314082535	126.001238906209	107.997859640891	102.947356577104	74.303315678902	61.7148517707528	44.5578731312038	76.9230769230769	1.4	10	22
2024-02-24	D. pertusum	6	52	no	1.4	b	1.367	126	105	85	14	6	20	11.1111111111111	4.76190476190476	15.8730158730159	45.6805451300765	35.1578919910515	21.0908632345092	131.282686273334	116.255501307142	109.951217805094	71.3611874730538	59.4871747858785	47.7489696056847	80.952380952381	1.4	10	22
2024-02-24	D. pertusum	6	52	no	1.4	c	1.367	135	117	82	24	11	35	17.7777777777778	8.14814814814815	25.9259259259259	49.1656226835458	39.2543066057338	25.7826051339271	128.841764017373	107.86067380165	104.194147851072	74.2066956741773	60.8163077244503	50.4262328450297	70.0854700854701	1.4	10	22
2024-02-24	D. pertusum	8	52	no	3	a	2.85	117	87	75	6	6	12	5.12820512820513	5.12820512820513	10.2564102564103	95.0386775412483	49.6986811183892	59.5566166362469	117.035706052993	102.464047745745	95.2257927327658	106.03719179712	76.081364432067	77.3912046845064	86.2068965517241	3	11	23
2024-02-24	D. pertusum	8	52	no	3	b	2.85	109	87	73	7	7	14	6.42201834862385	6.42201834862385	12.8440366972477	61.2764105731283	47.1388185799858	30.3830835990248	121.352222287418	105.944144105039	104.186793172097	91.3143164302732	76.5414813425126	67.2849383855607	83.9080459770115	3	11	23
2024-02-24	D. pertusum	8	52	no	3	c	2.85	115	92	83	4	5	9	3.47826086956522	4.34782608695652	7.82608695652174	61.9156491709282	50.9751816783087	24.8479947427307	135.021717888302	124.424953684486	118.689680281838	102.530131791691	91.7806105706293	76.9822644866789	90.2173913043478	3	11	23
2024-02-24	D. pertusum	8	52	yes	3	a	2.917	86	69	54	6	9	15	6.97674418604651	10.4651162790698	17.4418604651163	48.6151770211418	31.4102798352333	28.8063363038953	119.413074751158	110.138071426477	100.880121446956	91.0939156591518	78.6469547899793	72.0506073897315	78.2608695652174	3	11	24
2024-02-24	D. pertusum	8	52	yes	3	b	2.917	141	106	85	15	6	21	10.6382978723404	4.25531914893617	14.8936170212766	53.0599966696329	32.5174352455213	34.4554821286223	118.396244858516	104.499028911093	99.1907324408012	71.7274961521711	53.0836048642561	52.951267932102	80.188679245283	3	11	24
2024-02-24	D. pertusum	8	52	yes	3	c	2.917	82	67	54	6	6	12	7.31707317073171	7.31707317073171	14.6341463414634	43.2803688482239	39.4419892665144	19.5317433169857	133.072468085422	119.539740608781	115.156566344376	93.4718818194809	79.465317520275	70.8221940530557	80.5970149253731	3	11	24
2024-02-25	D. pertusum	1	59	no	0.5	a	0.25	34	9	1	4	4	8	11.7647058823529	11.7647058823529	23.5294117647059	51.1053496360354	46.2413446513869	26.9032851214767	109.377000360459	102.256587618028	78.1192961871917	80.2411749982473	74.2489661347075	52.5112906543342	11.1111111111111	0.5	12	25
2024-02-25	D. pertusum	1	59	no	0.5	b	0.25	37	10	1	4	5	9	10.8108108108108	13.5135135135135	24.3243243243243	66.2835535668382	56.840934047378	25.9110660561729	112.541956971051	101.059417174729	81.0713219811126	91.9826665691784	81.4067580070176	56.5556526811394	10	0.5	12	25
2024-02-25	D. pertusum	1	59	no	0.5	c	0.25	43	13	1	8	4	12	18.6046511627907	9.30232558139535	27.906976744186	69.2595653491306	56.479253066757	39.3685031188371	117.32253570972	108.628362660031	97.0427931043616	85.2805554693271	73.8622895978482	58.5932664473452	7.69230769230769	0.5	12	25
2024-02-25	D. pertusum	1	59	yes	0.5	a	0.467	43	6	0	4	2	6	9.30232558139535	4.65116279069767	13.953488372093	60.665012323488	56.8709611364576	26.3934661204553	125.231312480487	110.754992548319	106.697114466482	82.1871123758212	74.8323049404113	53.1613489024641	0	0.5	12	26
2024-02-25	D. pertusum	1	59	yes	0.5	b	0.467	48	7	0	4	3	7	8.33333333333333	6.25	14.5833333333333	69.2333301493214	65.1462404984671	30.6771859954153	122.145666129982	112.442878119353	91.4275875293835	91.9100455696047	85.4162280502752	56.7130723671159	0	0.5	12	26
2024-02-25	D. pertusum	1	59	yes	0.5	c	0.467	44	6	0	4	2	6	9.09090909090909	4.54545454545455	13.6363636363636	68.9445360456735	62.6794467084929	34.2813432673205	109.690825187441	89.6345733809916	70.5523471859686	82.5266324262625	71.6644889326591	46.3716779068698	0	0.5	12	26
2024-02-25	D. pertusum	1	71	no	0.75	a	0.65	112	94	56	18	20	38	16.0714285714286	17.8571428571429	33.9285714285714	56.888200838307	42.2435056087355	22.7899064674606	123.180015421582	114.640103954041	97.2646213177963	91.7786295663463	80.3469784220542	61.9871248097425	59.5744680851064	0.75	13	27
2024-02-25	D. pertusum	1	71	no	0.75	b	0.65	96	86	57	16	13	29	16.6666666666667	13.5416666666667	30.2083333333333	66.9353070191488	57.5951005989613	40.3756607462101	127.968683114641	115.863509239441	105.718891995018	94.2950963033349	83.715421713659	69.6674540646414	66.2790697674419	0.75	13	27
2024-02-25	D. pertusum	1	71	no	0.75	c	0.65	102	91	59	11	21	32	10.7843137254902	20.5882352941176	31.3725490196078	52.7021615970633	37.6562895302522	23.9544821609046	123.160511566046	111.202084176038	103.34347711267	98.9404537642083	85.9207172665488	76.0535100980005	64.8351648351648	0.75	13	27
2024-02-25	D. pertusum	1	71	yes	0.75	a	0.767	106	89	51	15	22	37	14.1509433962264	20.7547169811321	34.9056603773585	54.7211705792538	44.0038328870308	23.8664307939579	126.370576840016	112.727787136293	104.72548713125	98.1759230668719	84.7150047364263	72.8678552248321	57.3033707865169	0.75	13	28
2024-02-25	D. pertusum	1	71	yes	0.75	b	0.767	119	95	54	15	26	41	12.6050420168067	21.8487394957983	34.453781512605	61.2643087739314	49.2556346386881	32.1371350716792	123.563366485268	106.706147438056	99.3790143427988	100.771028298193	85.6876671456041	74.7783268045843	56.8421052631579	0.75	13	28
2024-02-25	D. pertusum	1	71	yes	0.75	c	0.767	115	94	43	29	22	51	25.2173913043478	19.1304347826087	44.3478260869565	61.6755904799915	48.1766059504466	32.508601069706	121.500307369474	110.761685956033	104.37309361932	87.4823310989841	75.1740914430525	63.5089704048336	45.7446808510638	0.75	13	28
2024-02-25	D. pertusum	1	72	no	1.5	a	1.35	175	46	12	28	6	34	16	3.42857142857143	19.4285714285714	51.8064405071256	47.0813086261653	21.0201992264266	122.35122126011	111.860792089081	93.5254712071397	64.2555194635347	58.5129821784444	33.815247223023	26.0869565217391	1.5	14	29
2024-02-25	D. pertusum	1	72	no	1.5	b	1.35	193	57	18	24	15	39	12.4352331606218	7.7720207253886	20.2072538860104	46.4386789674849	39.056204835759	20.9906307075535	111.218899068825	101.328174577861	80.9572194256333	71.3541482372312	63.0069624288752	44.0547032914303	31.578947368421	1.5	14	29
2024-02-25	D. pertusum	1	72	no	1.5	c	1.35	180	40	4	19	17	36	10.5555555555556	9.44444444444444	20	53.2801137796501	46.5142795382805	19.9804693030216	129.387405195199	116.586238113438	92.7331290981629	89.219668059215	79.6038155321047	54.3358919840606	10	1.5	14	29
2024-02-25	D. pertusum	1	72	yes	1.5	a	1.45	518	99	20	48	31	79	9.26640926640927	5.98455598455598	15.2509652509653	58.326996891706	45.1115418675791	34.4716995610718	126.84287156964	108.73614015074	95.1237005320047	85.2129730311484	70.0781563837562	58.2718518408049	20.2020202020202	1.5	14	30
2024-02-25	D. pertusum	1	72	yes	1.5	b	1.45	501	102	43	41	18	59	8.18363273453094	3.59281437125748	11.7764471057884	57.6292941043729	41.109028080161	32.8614599815369	117.716220119799	105.390296215087	91.9157151862124	75.960898651452	60.7202624264096	50.8780124168616	42.156862745098	1.5	14	30
2024-02-25	D. pertusum	1	72	yes	1.5	c	1.45	509	101	38	39	24	63	7.66208251473477	4.71512770137525	12.37721021611	54.8277714622983	39.947703954925	30.5808330584165	120.885231218688	107.781431334925	90.9824464439393	79.9925180361611	65.7891239092105	53.5909714909966	37.6237623762376	1.5	14	30
2024-02-25	D. pertusum	2	59	no	0.5	a	0.183	98	24	6	14	4	18	14.2857142857143	4.08163265306122	18.3673469387755	42.3408631398107	38.1646660449702	14.8167527851508	124.234764929882	110.69502288655	89.3444131598598	60.5395079820487	54.2825231208768	31.3784550906417	25	0.5	15	31
2024-02-25	D. pertusum	2	59	no	0.5	b	0.183	93	20	4	10	6	16	10.752688172043	6.45161290322581	17.2043010752688	48.3555872317786	44.4866926924929	19.5378057796846	129.745557885585	111.715343935534	99.409006803583	78.876826226956	69.6974369086334	49.4895061636465	20	0.5	15	31
2024-02-25	D. pertusum	2	59	no	0.5	c	0.183	82	14	4	8	2	10	9.75609756097561	2.4390243902439	12.1951219512195	44.5783235863866	39.2511155758777	17.9390791243929	102.714167608936	95.3747078367594	70.1247767473703	56.2054923908965	50.4758340280541	28.3762186489883	28.5714285714286	0.5	15	31
2024-02-25	D. pertusum	2	59	yes	0.5	a	0.233	139	22	5	8	9	17	5.75539568345324	6.47482014388489	12.2302158273381	43.6108792830643	39.5515311020168	12.8794197574515	127.37852101341	117.489628455552	109.062260448016	87.958454316777	80.8128767597707	63.7997471818678	22.7272727272727	0.5	15	32
2024-02-25	D. pertusum	2	59	yes	0.5	b	0.233	135	24	7	12	5	17	8.88888888888889	3.7037037037037	12.5925925925926	48.0229785757192	43.4830541202445	21.5782220901726	127.946312261151	119.049889853502	106.505392771562	71.5298414243755	65.708594041791	46.556801702346	29.1666666666667	0.5	15	32
2024-02-25	D. pertusum	2	59	yes	0.5	c	0.233	141	34	16	10	8	18	7.09219858156028	5.67375886524823	12.7659574468085	51.0854130361332	36.4536720928349	20.2212236933415	121.55908480247	104.442511763366	95.0779159931633	82.4070449322828	66.6709341686265	53.4908647154845	47.0588235294118	0.5	15	32
2024-02-25	D. pertusum	2	71	no	0.75	a	1.05	198	76	5	16	55	71	8.08080808080808	27.7777777777778	35.8585858585859	83.8853192013976	51.0546009306258	43.8812359575364	123.655384615598	110.624111314147	99.403967477437	114.693116353243	97.1999962981419	86.891802627882	6.57894736842105	0.75	16	33
2024-02-25	D. pertusum	2	71	no	0.75	b	1.05	208	94	15	19	59	78	9.13461538461538	28.3653846153846	37.5	72.1651830030182	46.3508675867813	34.3276092545201	126.051302968985	109.676461278685	101.012363290803	113.170398331498	94.0681981160573	84.9821973391881	15.9574468085106	0.75	16	33
2024-02-25	D. pertusum	2	71	no	0.75	c	1.05	213	104	16	25	63	88	11.7370892018779	29.5774647887324	41.3145539906103	62.4425992146413	45.896989767333	28.2709331333003	123.841401839773	110.017758449451	100.293668272288	106.398560184906	91.8016309829403	79.832663971439	15.3846153846154	0.75	16	33
2024-02-25	D. pertusum	2	71	yes	0.75	a	0.917	203	104	3	29	71	100	14.2857142857143	34.9753694581281	49.2610837438424	78.1747269113541	51.7266498984892	41.1028755784465	128.894493578275	114.300705317766	101.144779417974	114.026100817838	95.9899029325531	83.6581039157933	2.88461538461538	0.75	16	34
2024-02-25	D. pertusum	2	71	yes	0.75	b	0.917	197	105	9	26	69	95	13.1979695431472	35.0253807106599	48.2233502538071	59.1405438861809	49.0956262487592	30.5620516722758	129.087197081363	113.77437838671	105.33480011227	109.93832114924	95.8964742434993	84.9242425938492	8.57142857142857	0.75	16	34
2024-02-25	D. pertusum	2	71	yes	0.75	c	0.917	219	119	3	40	76	116	18.2648401826484	34.703196347032	52.9680365296804	60.1466841056603	44.8100361859037	26.5487160330791	128.909210903277	113.646399583131	104.967282825273	105.197994766168	89.9097225496044	77.9263977245164	2.52100840336134	0.75	16	34
2024-03-21	D. pertusum	2	54	no	6.6	a	6.567	159	6	1	2	3	5	1.257861635	1.886792453	3.144654088	40.2356399	38.84198906	18.61370797	131.6744588	121.4808629	109.0216653	95.09893125	88.42531334	72.85848239	16.6666666666667	6.6	17	35
2024-03-21	D. pertusum	2	54	no	6.6	b	6.567	152	19	1	10	8	18	6.578947368	5.263157895	11.84210526	47.41498356	42.54171294	17.20593349	135.5345466	113.5671849	113.1186439	86.57923378	74.10858935	59.83380479	5.26315789473684	6.6	17	35
2024-03-21	D. pertusum	2	54	no	6.6	c	6.567	174	19	1	7	11	18	4.022988506	6.32183908	10.34482759	50.16349179	45.16653403	18.56953212	136.058878	113.0994143	107.3511373	102.6551167	86.68107196	72.82495753	5.26315789473684	6.6	17	35
2024-03-21	D. pertusum	2	54	yes	6.6	a	6.517	230	166	21	44	101	145	19.13043478	43.91304348	63.04347826	80.91113785	51.00910462	45.60654067	141.6977663	119.7996844	106.8320834	123.2521687	98.92530154	88.25329804	12.6506024096386	6.6	17	36
2024-03-21	D. pertusum	2	54	yes	6.6	b	6.517	253	142	3	35	104	139	13.83399209	41.10671937	54.94071146	77.76153118	51.45569074	36.97532343	144.5839514	120.3503191	107.1801878	127.7581622	103.0027508	89.502704	2.11267605633803	6.6	17	36
2024-03-21	D. pertusum	2	54	yes	6.6	c	6.517	255	157	5	33	118	151	12.94117647	46.2745098	59.21568627	80.3943205	52.95385782	47.13927628	145.8689095	124.1838221	111.8388866	131.5869661	108.425104	97.73871685	3.18471337579618	6.6	17	36
2024-03-21	D. pertusum	7	52	no	1.8	a	1.767	130	50	2	12	36	48	9.230769231	27.69230769	36.92307692	66.68728247	47.54934278	42.87439777	139.7016446	119.9612866	112.5485923	121.4480541	101.8583006	95.13004364	4	1.8	18	37
2024-03-21	D. pertusum	7	52	no	1.8	b	1.767	125	47	3	12	32	44	9.6	25.6	35.2	69.38480956	45.961268	33.39428889	140.7923846	119.9595114	112.9089036	121.3175914	99.77817228	91.22309958	6.38297872340426	1.8	18	37
2024-03-21	D. pertusum	7	52	no	1.8	c	1.767	211	43	0	6	36	42	2.843601896	17.06161137	19.90521327	49.29132434	45.41318456	19.49939438	155.0082919	127.7195553	124.3672042	138.6216475	115.1052169	107.7756452	0	1.8	18	37
2024-03-21	D. pertusum	7	52	yes	1.8	a	1.8	125	40	2	6	32	38	4.8	25.6	30.4	80.04982199	45.33583734	42.31877012	142.8155011	126.4940923	118.1495713	132.9051307	113.679631	106.1762869	5	1.8	18	38
2024-03-21	D. pertusum	7	52	yes	1.8	b	1.8	92	35	2	9	23	32	9.782608696	25	34.7826087	62.00594999	41.84086049	30.91784345	144.7988231	123.3457853	117.8296287	121.654397	99.7946334	93.7032283	5.71428571428571	1.8	18	38
2024-03-21	D. pertusum	7	52	yes	1.8	c	1.8	150	35	0	3	32	35	2	21.33333333	23.33333333	61.13025158	56.59025127	37.03970799	136.0889983	121.2675257	99.97497466	129.6639629	115.7237594	94.58052323	0	1.8	18	38
2024-03-21	D. pertusum	9	52	no	1.8	a	1.267	171	19	1	8	10	18	4.678362573	5.847953216	10.52631579	80.62683572	47.1471749	43.99668676	135.0680277	104.9055721	102.9908159	110.8719424	79.23517336	76.77120293	5.26315789473684	1.8	19	39
2024-03-21	D. pertusum	9	52	no	1.8	b	1.267	192	22	0	10	12	22	5.208333333	6.25	11.45833333	49.29930814	42.84767693	14.95237549	138.9802827	119.9704006	114.4793364	98.21620337	84.91461713	69.23980872	0	1.8	19	39
2024-03-21	D. pertusum	9	52	no	1.8	c	1.267	176	17	0	6	11	17	3.409090909	6.25	9.659090909	40.98041858	37.75471303	11.60084501	135.4091091	123.690742	115.2057583	102.081336	93.36037886	78.63931833	0	1.8	19	39
2024-07-03	D. dianthus	1	54	no	1.417	a	1.417	367	71	4	51	16	67	13.8964577656676	4.35967302452316	18.2561307901907	48.8548377139475	36.380427528368	13.8083786164531	139.693379173431	104.525513274862	96.7460768492354	70.5476237341227	52.6538808409637	33.6143961048787	5.63380281690141	1.417	20	40
2024-07-03	D. dianthus	1	54	no	1.417	b	1.417	338	68	5	47	16	63	13.905325443787	4.73372781065089	18.6390532544379	46.2810990726102	39.5780991887049	13.4625639018915	140.659396680565	108.747527456745	90.4091510229932	70.2501905285987	57.1449381139214	33.0045542818539	7.35294117647059	1.417	20	40
2024-07-03	D. dianthus	1	54	no	1.417	c	1.417	362	61	1	50	10	60	13.8121546961326	2.76243093922652	16.5745856353591	44.9883052768703	39.3589371903788	12.2582819829173	131.782192497584	109.618876504376	103.025519310699	59.4539531469892	51.0689270760451	27.3861548708809	1.63934426229508	1.417	20	40
2024-07-03	D. dianthus	1	56	no	2.583	a	2.583	943.5	102	19.5	43	39	82	4.54327550662141	4.13635790743525	8.67963341405666	49.8328770574681	40.2849364119405	21.883872855901	156.898140117758	126.890045552627	129.064251632476	100.699928152513	81.4995201819786	72.9329152516802	19.212962962963	2.583	21	41
2024-07-03	D. dianthus	1	56	no	2.583	b	2.583	588	71.5	4.5	41.5	25	66.5	10.5114885114885	5.0909090909091	15.6023976023976	48.8820070156726	39.958580749337	17.0813742434025	159.402647932548	128.487485870165	126.149329280991	87.2384817472249	70.5024660699926	54.4227233284877	5.13349514563107	2.583	21	41
2024-07-03	D. dianthus	1	56	no	2.583	c	2.583	195	37	2.5	23.5	11	34.5	12.6058152373942	5.33676849466323	17.9425837320575	44.2853054026287	37.8622305094934	11.0237620651975	133.159100985175	113.303604609571	88.0535524404137	70.8846309217356	60.3084407394498	34.5804202668762	6.7816091954023	2.583	21	41
2024-07-03	D. dianthus	2	32	no	1.1	a	1.067	321	38	2	32	4	36	9.98086236525541	1.27812060615529	11.2589829714107	40.6269450528133	36.8192837198766	11.5396334822621	145.211609808762	116.879891943775	98.9492855699349	52.167947256133	45.9289852200898	21.5905588887807	5.26680526680527	1.1	22	42
2024-07-03	D. dianthus	2	32	no	1.1	b	1.1	499.5	124	5.5	87.5	31	118.5	16.1220940451631	5.7272634763222	21.8493575214854	43.2675077428837	35.8502295950004	12.7283679388683	135.917511146262	113.270219292763	101.228023111337	67.5870201810628	56.1711663895489	35.9533008159278	4.1497880357984	1.1	22	42
2024-07-03	D. dianthus	2	32	no	1.1	c	1.133	826.5	162	6	130	26	156	15.803025402799	3.23768081853463	19.0407062213337	41.5768653047669	37.2706369204952	10.4947296833413	131.705037216377	112.510481708016	100.92045052917	56.25653259756	49.6329295826365	25.1636004111953	3.62799616490892	1.1	22	42
2024-07-08	D. dianthus	1	43	no	2.5	a	2.483	503	178	10	46	121	167	9.14512922465209	24.0556660039761	33.2007952286282	62.6700274124667	43.2309713988041	28.5330094857269	170.697384574658	137.017983237682	140.342150049268	141.034713391724	110.993487209886	109.60089156166	5.61797752808989	2.5	23	43
2024-07-08	D. dianthus	1	43	no	2.5	b	2.517	130	66	0	9	57	66	6.92307692307692	43.8461538461538	50.7692307692308	42.4466356735837	39.4839160004022	10.0293038112056	168.549999343957	147.814224817122	150.988537538238	151.354086116179	133.041909978478	131.766823848188	0	2.5	23	43
2024-07-08	D. dianthus	1	43	no	2.5	c	3.517	132	40	3	15	22	37	11.3636363636364	16.6666666666667	28.030303030303	43.5778697883901	39.7376884388214	11.3078572001976	160.073295822359	142.295962246836	142.775394122231	112.845420403183	100.718283676019	89.4777440187039	7.5	2.5	23	43
2024-07-08	D. dianthus	1	43	yes	2.5	a	2.667	156	82	2	15	65	80	9.61538461538462	41.6666666666667	51.2820512820513	74.1740555746428	43.5557801573461	42.3845886129095	174.0418939363	155.085053502574	157.990763741814	155.31667424349	134.173314750344	136.314605905144	2.4390243902439	2.5	23	44
2024-07-08	D. dianthus	1	43	yes	2.5	b	2.717	193	86	4	20	62	82	10.3626943005181	32.1243523316062	42.4870466321244	51.6402688892306	44.1407486363505	18.7002145175056	165.420037374304	137.398784682735	140.971509548246	137.668874329164	114.652922232397	111.149242467578	4.65116279069767	2.5	23	44
2024-07-08	D. dianthus	1	43	yes	2.5	c	2.683	267	132	4	26	102	128	9.73782771535581	38.2022471910112	47.940074906367	55.0487106531974	43.6170995927722	20.8144664399599	175.154242303286	145.377227969858	146.495578408497	150.757806186861	124.707201893262	120.966602539888	3.03030303030303	2.5	23	44
2024-07-08	D. dianthus	1	56	no	3	a	3.067	319	66	6	27	33	60	8.46394984326019	10.3448275862069	18.8087774294671	53.9338013151558	40.5535000082016	23.8872931763558	162.852462774884	132.562077766912	138.221747624192	113.839065118006	91.1582177754921	86.7712431226656	9.09090909090909	3	24	45
2024-07-08	D. dianthus	1	56	no	3	b	3.1	308	155	7	47	101	148	15.2597402597403	32.7922077922078	48.051948051948	51.5693918446169	41.7038146965942	19.4039389324532	161.208252030433	139.314283186427	137.141358308886	126.390505890343	108.31636413898	99.7517724258297	4.51612903225806	3	24	45
2024-07-08	D. dianthus	1	56	no	3	c	3.167	219	75	5	27	43	70	12.3287671232877	19.634703196347	31.9634703196347	54.972338668386	41.0903796667672	15.3441266385647	182.357191909017	138.454910905791	142.588575593332	133.223034230488	100.900020285025	93.508573853636	6.66666666666667	3	24	45
2024-07-08	D. dianthus	1	56	yes	3	a	2.9	507	345	14	67	264	331	13.2149901380671	52.0710059171598	65.2859960552268	54.4692069093072	42.4792393710276	23.0400501929386	165.639551470235	139.74883348994	137.277872031726	143.136792903521	120.05982199155	114.154204167077	4.05797101449275	3	24	46
2024-07-08	D. dianthus	1	56	yes	3	b	2.933	238	152	4	25	123	148	10.5042016806723	51.6806722689076	62.1848739495798	55.2709423728426	43.8778181809924	28.4019546555597	168.250706084762	145.906284181511	148.128789784168	149.16628653883	128.671746005748	127.90466222866	2.63157894736842	3	24	46
2024-07-08	D. dianthus	1	56	yes	3	c	2.967	332	153	8	32	113	145	9.63855421686747	34.0361445783133	43.6746987951807	50.2331533345922	43.580465916907	22.5603927668405	164.969733983399	142.679962416314	140.836076614331	139.648557564352	120.8097287061	114.733856730747	5.22875816993464	3	24	46
2024-07-08	D. dianthus	2	39	no	2	a	1.867	103	35	4	14	17	31	13.5922330097087	16.504854368932	30.0970873786408	65.3428108010641	41.4189443934371	26.3790594912415	149.689783465733	128.97129229596	129.244851917578	111.597602262334	89.4315222754658	82.7893327572968	11.4285714285714	2	25	47
2024-07-08	D. dianthus	2	39	no	2	b	2.017	462	167	9	53	104	157	11.4718614718615	22.5108225108225	33.982683982684	56.8608380558307	46.4650984134497	32.8785425463037	155.41589016364	129.522252406748	128.551764137237	121.919926269146	101.347119644331	96.07244506537	5.38922155688623	2	25	47
2024-07-08	D. dianthus	2	39	no	2	c	2.05	466	226	18	57	150	207	12.2317596566524	32.1888412017167	44.4206008583691	70.457540770343	49.8230198155883	40.0893731531251	153.693264087506	126.622556447981	127.044988402157	130.565740186694	105.350195402764	102.963601963371	7.9646017699115	2	25	47
2024-07-08	D. dianthus	2	39	yes	2	a	2.167	349	172	3	56	113	169	16.0458452722063	32.378223495702	48.4240687679083	58.0355375284961	48.4460805362425	28.7851598898236	148.8152736987	128.446822520633	129.183582244349	118.734414376029	101.937700916338	95.915465961193	1.74418604651163	2	25	48
2024-07-08	D. dianthus	2	39	yes	2	b	2.25	244	141	5	28	108	136	11.4754098360656	44.2622950819672	55.7377049180328	70.1314120804096	46.0888072718676	35.3759798565402	165.254110239881	137.00423735664	143.597101762731	145.670025324696	118.286354692128	121.316282546751	3.54609929078014	2	25	48
2024-07-08	D. dianthus	2	39	yes	2	c	2.3	82	38	2	10	26	36	12.1951219512195	31.7073170731707	43.9024390243902	46.3186498299513	41.7094101509363	16.2122518587739	160.077622837617	141.20463026475	143.191268893198	128.477908113266	113.567069122024	107.919319716969	5.26315789473684	2	25	48
2024-07-12	D. dianthus	1	45	no	1	a	0.85	776	530	439	77	14	91	9.92268041237113	1.80412371134021	11.7268041237113	35.4665604946773	31.7768844237619	12.2932948912197	132.427120792593	122.973049842727	112.430504436561	50.3835697712798	45.8070637189873	27.6990194366568	82.8301886792453	1	26	49
2024-07-12	D. dianthus	1	45	no	1	b	0.95	624	337	217	107	13	120	17.1474358974359	2.08333333333333	19.2307692307692	37.8086583071532	33.2091180422139	12.478188641542	128.957121737917	116.811661484278	107.961347838565	47.6830751788193	42.2660602484376	22.8221975545528	64.3916913946587	1	26	49
2024-07-12	D. dianthus	1	45	no	1	c	1.05	522	319	182	121	16	137	23.1800766283525	3.06513409961686	26.2452107279693	36.3078745444361	32.9102564562315	9.24452873980266	136.933151485129	126.534728276548	116.591449886072	48.0597317053929	43.8445013403561	21.7813954430166	57.0532915360502	1	26	49
2024-07-12	D. dianthus	1	45	no	17.3	a	17.267	378	261	237	21	3	24	5.55555555555556	0.793650793650794	6.34920634920635	41.6698828478718	36.1684797546412	17.0073801681508	142.854514512113	111.995521112555	68.6795020840886	54.3179618059019	45.6468599243805	23.4663954076431	90.8045977011494	17.3	26	50
2024-07-12	D. dianthus	1	45	no	17.3	b	17.267	437	277	240	35	2	37	8.0091533180778	0.45766590389016	8.46681922196796	36.8836243477593	32.4577117885071	12.6950390867005	140.334193364413	131.924283857949	91.6116128594579	42.4755469973082	37.8342832517202	16.9607998311739	86.6425992779783	17.3	26	50
2024-07-12	D. dianthus	1	45	no	17.3	c	17.267	405	287	242	45	0	45	11.1111111111111	0	11.1111111111111	35.1909383519152	30.8613816338031	12.3272374687197	NA	NA	NA	35.1909383519152	30.8613816338031	12.3272374687197	84.3205574912892	17.3	26	50
2024-07-12	D. dianthus	1	45	yes	1	a	1.167	599	527	351	141	35	176	23.5392320534224	5.84307178631052	29.3823038397329	35.5306989742626	32.5558418203106	9.74539035169714	141.19955439264	127.085973007892	123.260210425152	56.5443918131444	51.3544474542047	32.3193602526684	66.6034155597723	1	26	51
2024-07-12	D. dianthus	1	45	yes	1	b	1.167	640	558	397	130	31	161	20.3125	4.84375	25.15625	38.4648206087189	34.1309655933172	13.3953497713725	130.846994276531	118.470071888511	106.252752230656	56.2526925571796	50.3701723954974	31.2747254001788	71.1469534050179	1	26	51
2024-07-12	D. dianthus	1	45	yes	1	c	1.167	450	385	261	103	21	124	22.8888888888889	4.66666666666667	27.5555555555556	37.1042027957615	33.7777521827918	11.6940210216988	114.663602647862	102.560534008844	92.2281254572281	50.2392624481334	45.4264491049458	25.3328612890061	67.7922077922078	1	26	51
2024-07-12	D. dianthus	1	45	yes	17.3	a	17.333	486	352	233	75	44	119	15.4320987654321	9.05349794238683	24.4855967078189	40.4332078400943	34.779851985408	13.1014670934234	138.953176898401	123.34853684912	117.597633794166	76.8607594246785	67.5279371450997	51.7387052012608	66.1931818181818	17.3	26	52
2024-07-12	D. dianthus	1	45	yes	17.3	b	17.333	209	153	87	36	30	66	17.2248803827751	14.3540669856459	31.578947368421	41.6970763327796	37.2100959658343	13.4140514048343	137.46341815918	122.881321100774	120.197848702248	85.2272317084162	76.1515619362612	61.9521410854768	56.8627450980392	17.3	26	52
2024-07-12	D. dianthus	1	45	yes	17.3	c	17.333	327	233	109	71	53	124	21.7125382262997	16.2079510703364	37.9204892966361	47.4723052533672	40.5576584004338	19.0397486804003	134.821089271839	119.604787640563	118.636753363121	84.8068661644883	74.343931382102	61.6094361657567	46.7811158798283	17.3	26	52
2024-07-12	D. dianthus	1	56	no	1.5	a	1.367	1885	1285	906	315	64	379	16.710875331565	3.39522546419098	20.106100795756	45.4308614351601	37.2775837875245	22.272954930562	144.616423631748	120.672088810061	103.818257474946	62.1798745765364	51.3600331844699	36.0431379459725	70.5058365758755	1.5	27	53
2024-07-12	D. dianthus	1	56	no	1.5	b	1.4	2076	1445	949	412	82	494	19.8458574181118	3.94990366088632	23.7957610789981	46.8130122350414	38.6771653280052	23.7834566309524	140.051008706446	116.081256467971	102.632826450171	62.4676367151935	51.6375011132966	36.8293575102245	65.6747404844291	1.5	27	53
2024-07-12	D. dianthus	1	56	no	1.5	c	1.417	1215	1015	798	168	49	217	13.8271604938272	4.03292181069959	17.8600823045267	41.2825991699356	36.0617975498178	18.0192569519424	137.824498760592	121.239037487558	99.1291440900444	63.0823829484708	55.2953678583397	36.3343927573203	78.6206896551724	1.5	27	53
2024-07-12	D. dianthus	1	56	no	17.5	a	17.483	535	364	294	35	35	70	6.54205607476635	6.54205607476635	13.0841121495327	46.56822775436	37.6088060693467	21.5834719846246	142.12475340042	125.4281390378	124.027331044128	94.3464905773898	81.5184725535735	72.8054015143762	80.7692307692308	17.5	27	54
2024-07-12	D. dianthus	1	56	no	17.5	b	17.483	617	445	398	29	18	47	4.7001620745543	2.91734197730956	7.61750405186386	44.6933053973151	38.4784376583398	22.1685789620742	144.825971238326	125.158561321274	130.734941230339	83.0419859321704	71.6750807632932	63.7471857882181	89.438202247191	17.5	27	54
2024-07-12	D. dianthus	1	56	no	17.5	c	17.483	565	394	372	21	1	22	3.71681415929204	0.176991150442478	3.89380530973451	47.9662171240241	37.9586367764154	26.955708765292	161.599591850077	149.368692623701	143.605027556359	53.1313705206629	43.0227302240193	32.2579505285223	94.4162436548223	17.5	27	54
2024-07-12	D. dianthus	1	56	yes	1.5	a	1.5	697	538	278	138	122	260	19.7991391678623	17.5035868005739	37.3027259684362	44.9139832610334	38.3515143397969	20.533365111534	158.88495378973	140.881117285786	131.577842224952	98.3926694321913	86.4615587990687	72.6388505262918	51.6728624535316	1.5	27	55
2024-07-12	D. dianthus	1	56	yes	1.5	b	1.517	765	614	334	137	143	280	17.9084967320261	18.6928104575163	36.6013071895425	43.9248304656894	38.1071301732303	17.9687437335891	154.699325226551	137.083757569349	132.032138481162	100.498947432844	88.6559077362482	76.2225489082424	54.3973941368078	1.5	27	55
2024-07-12	D. dianthus	1	56	yes	1.5	c	1.533	939	739	399	224	114	338	23.8551650692226	12.1405750798722	35.9957401490948	44.8659327369895	38.919443992485	17.8009269829386	150.250283898066	131.906606158253	123.870137602872	80.5375200437848	70.3350337581324	53.7993151247313	53.9918809201624	1.5	27	55
2024-07-12	D. dianthus	1	56	yes	17.5	a	17.583	900	669	575	77	16	93	8.55555555555556	1.77777777777778	10.3333333333333	44.8460349809105	36.6820657975752	22.9382990162918	131.141683740238	109.63804015244	102.298117617651	59.9353348237313	49.5538963819537	36.9576657300384	85.949177877429	17.5	27	56
2024-07-12	D. dianthus	1	56	yes	17.5	b	17.583	752	544	400	78	65	143	10.3723404255319	8.6436170212766	19.0159574468085	39.1044424293111	32.9668674661707	16.9486661258038	140.445089266521	124.641292665525	119.920471334339	85.2836455657554	74.6680266134084	63.9000099870109	73.5294117647059	17.5	27	56
2024-07-12	D. dianthus	1	56	yes	17.5	c	17.583	572	416	265	84	67	151	14.6853146853147	11.7132867132867	26.3986013986014	38.0573344840918	33.0244639243201	14.2048586546676	145.283753898578	127.317823555198	124.941656944568	85.6346199196583	74.8632393896764	63.3397294190604	63.7019230769231	17.5	27	56
2024-07-14	D. dianthus	1	32	no	1	a	0.9	1258	249	16	167	65	232	13.275039745628	5.16693163751987	18.4419713831479	52.4272437011232	43.7131209896925	24.4831255890397	141.153336363711	113.988733670902	104.924947532032	77.4633548709862	63.4727916861604	46.8210674316478	6.42570281124498	1	28	57
2024-07-14	D. dianthus	1	32	no	1	b	0.933	1690	427	21	298	106	404	17.6331360946746	6.27218934911243	23.905325443787	50.9027080370023	42.6057337685802	18.6013372110869	136.6275623086	111.840002563428	94.4746971573373	73.4530852434925	60.8651728966225	38.6425218454629	4.91803278688525	1	28	57
2024-07-14	D. dianthus	1	32	no	1	c	0.95	1692	386	28	303	51	354	17.9078014184397	3.01418439716312	20.9219858156028	47.4624953811886	41.1534609214845	17.0603124637096	135.990502538386	113.672386527355	97.1952416888106	60.5109143384316	51.9146677230309	28.5653646983321	7.25388601036269	1	28	57
2024-07-14	D. dianthus	1	32	yes	1	a	1	245	92	4	38	50	88	15.5102040816327	20.4081632653061	35.9183673469388	50.8784642140632	41.5208104134332	17.9490124699949	158.80389969317	141.100319271119	139.793826686513	112.199734372646	98.1000768098455	87.1790205475619	4.34782608695652	1	28	58
2024-07-14	D. dianthus	1	32	yes	1	b	1	293	150	4	83	63	146	28.3276450511945	21.5017064846416	49.8293515358362	49.1306617360258	42.1561436546869	19.4343510099011	158.88005039	134.745735031341	135.872453206388	96.4882746483569	82.1091865089967	69.6781896289329	2.66666666666667	1	28	58
2024-07-14	D. dianthus	1	32	yes	1	c	1	628	212	7	151	54	205	24.0445859872611	8.59872611464968	32.6433121019108	49.4812581659733	41.3788256548752	18.1509775697812	149.88074734645	128.314055320379	124.476901121286	75.9279528769281	64.2788373716421	46.1587818223728	3.30188679245283	1	28	58
2024-07-14	D. dianthus	1	52	no	0.5	a	0.483	1208	734	19	218	491	709	18.046357615894	40.6456953642384	58.6920529801324	54.9067776278911	42.7398273677606	21.6788945659392	151.263920665801	126.030639531768	117.607505136545	121.857936702435	100.246211855635	88.2906667701101	2.58855585831063	0.5	29	59
2024-07-14	D. dianthus	1	52	no	0.5	b	0.5	3495	1601	92	962	536	1498	27.5250357653791	15.3361945636624	42.8612303290415	57.7637422194486	45.7911281466351	25.3781288473534	136.537215983259	108.102452361623	85.8940352618947	86.0656756142981	68.1701396604269	47.1024704304976	5.74640849469082	0.5	29	59
2024-07-14	D. dianthus	1	52	no	0.5	c	0.517	7921	1369	109	1149	107	1256	14.5057442242141	1.35083954046206	15.8565837646762	42.1179496344186	36.7198467956006	12.8884326531313	136.718690363143	101.895427719136	107.799330768634	50.3675246401442	42.3895250296137	21.135068156924	7.96201607012418	0.5	29	59
2024-07-14	D. dianthus	1	52	yes	0.5	a	0.7	955	674	14	113	545	658	11.8324607329843	57.0680628272251	68.9005235602094	79.0150058074312	49.4058708443631	39.6994181272918	153.546387806398	129.531164148431	121.794145193599	140.910333613322	115.662098680502	107.543212907032	2.07715133531157	0.5	29	60
2024-07-14	D. dianthus	1	52	yes	0.5	b	0.733	4241	1182	108	814	254	1068	19.1935864182976	5.98915350153266	25.1827399198302	45.2436407612104	38.2729816815484	16.3696498823776	143.854936881111	104.94004998305	117.426096802356	68.9256477003037	54.2695338179907	40.5692096027436	9.13705583756345	0.5	29	60
2024-07-14	D. dianthus	1	52	yes	0.5	c	0.75	3856	1339	70	941	323	1264	24.4035269709544	8.37655601659751	32.7800829875519	53.3784260532424	42.9045924509637	20.3383481204549	138.223073045066	109.489701277915	96.4752457138399	75.2292199586868	59.996949911306	39.8916833255406	5.22778192681105	0.5	29	60
2024-07-18	D. dianthus	1	36	no	4.1	a	4.067	7108	1213	106	947	159	1106	13.3230163196398	2.23691615081598	15.5599324704558	41.9306585143677	35.815330062843	13.401536638549	136.758459069543	102.420097024953	112.506031824957	55.6258418507497	45.4210939142422	27.7101645478823	8.73866446826051	4.1	30	61
2024-07-18	D. dianthus	1	36	no	4.1	b	4.1	3896	1163	70	890	198	1088	22.8439425051335	5.08213552361396	27.9260780287474	47.1149318168692	40.2424943715401	17.4755866314706	131.120947425988	104.034329854862	109.155207106253	62.6446904596854	51.9779161241821	34.4004961043451	6.0189165950129	4.1	30	61
2024-07-18	D. dianthus	1	36	no	4.1	c	4.117	3470	1649	59	1162	415	1577	33.4870317002882	11.9596541786744	45.4466858789625	55.3467864464342	44.5570454934334	21.7965836553016	130.450568831751	105.285925168263	80.6773418184611	75.3841399549368	60.6921138839166	37.5811343071408	3.57792601576713	4.1	30	61
2024-07-18	D. dianthus	1	54	no	3.5	a	3.433	974	272	11	115	145	260	11.8069815195072	14.8870636550308	26.694045174538	59.6637130504507	47.8935146625908	30.0569265233242	139.417546971085	118.517494150819	110.397862786304	104.080515231551	87.2510321040081	74.8702810058202	4.04411764705882	3.5	31	62
2024-07-18	D. dianthus	1	54	no	3.5	b	3.45	1268	298	24	197	75	272	15.5362776025237	5.91482649842271	21.4511041009464	54.5316850366438	44.4546576262521	26.6302864659895	131.445492564885	113.070149941573	103.094786157157	75.8546563785088	63.4938274839438	47.845056228478	8.05369127516778	3.5	31	62
2024-07-18	D. dianthus	1	54	no	3.5	c	3.483	1170	268	24	151	93	244	12.9059829059829	7.94871794871795	20.8547008547009	56.3866434659957	45.7650770574734	31.0693380161469	137.296300490781	114.193089617706	102.994733958705	87.2251602828197	71.8462457792013	58.4835258139254	8.95522388059701	3.5	31	62
2024-07-18	D. dianthus	1	54	yes	3.5	a	3.65	356	96	5	39	52	91	10.9550561797753	14.6067415730337	25.561797752809	56.279984201522	43.5182021207179	27.6710550424094	145.730746633433	129.200830236251	127.129953561816	107.394705591186	92.4797039010226	84.504711339213	5.20833333333333	3.5	31	63
2024-07-18	D. dianthus	1	54	yes	3.5	b	3.683	614	149	10	74	64	138	12.0521172638436	10.4234527687296	22.4755700325733	46.273290311453	41.2721795731311	23.3488385473583	129.303112442924	114.196670723674	109.346671017933	84.7723711515672	75.1227808445656	63.3091478555747	6.71140939597315	3.5	31	63
2024-07-18	D. dianthus	1	54	yes	3.5	c	3.7	875	216	24	107	84	191	12.2285714285714	9.6	21.8285714285714	55.1661932561963	43.6773948685741	28.7960369554606	135.556791639528	115.088624306639	108.634258117276	90.5011546755884	75.1086974598148	63.9909027989315	11.1111111111111	3.5	31	63
2024-07-21	D. dianthus	1	38	no	1.5	a	1.317	410	114	8	52	54	106	12.6829268292683	13.1707317073171	25.8536585365854	56.3448899037343	45.7916283222175	22.1774267213904	161.116022445166	143.574719136114	140.405672425851	109.718863085218	95.6056557179763	82.4069103821536	7.01754385964912	1.5	32	64
2024-07-21	D. dianthus	1	38	no	1.5	b	1.35	1492	522	45	371	106	477	24.8659517426273	7.10455764075067	31.970509383378	50.40832013622	42.7885266929444	20.2565390044946	138.65190363402	112.80211305463	101.715891108744	70.0180053579534	58.3471014399856	38.3586172498835	8.62068965517241	1.5	32	64
2024-07-21	D. dianthus	1	38	no	1.5	c	1.383	1110	305	17	244	42	286	21.981981981982	3.78378378378378	25.7657657657658	44.9241850695423	39.4290144195144	14.29544166944	135.373861727825	115.047679487384	97.0842778917279	58.9222065813332	50.7332810090944	26.9881234022141	5.57377049180328	1.5	32	64
2024-07-21	D. dianthus	1	38	yes	1.5	a	1.517	721	368	23	138	206	344	19.1400832177531	28.5714285714286	47.7115117891817	54.4997049582926	42.1842366576661	23.8167386970834	161.852969995521	134.128750076343	127.794826216571	118.700086693344	97.1940290391341	86.0092295865682	6.25	1.5	32	65
2024-07-21	D. dianthus	1	38	yes	1.5	b	1.483	757	355	27	130	195	325	17.1730515191546	25.7595772787318	42.9326287978864	56.6624090720033	45.3849257554381	30.6395871030957	159.984188997495	135.327477287691	125.928035474399	118.626549190646	99.1708447006076	87.7715936936474	7.6056338028169	1.5	32	65
2024-07-21	D. dianthus	1	38	yes	1.5	c	1.5	1328	521	39	347	132	479	26.1295180722892	9.93975903614458	36.0692771084337	50.5110551599183	41.6207981469591	21.5028208246328	142.280236733981	115.63436986426	101.162324046203	75.8629531120825	62.1271365478597	43.4224671599722	7.48560460652591	1.5	32	65
2024-07-21	D. dianthus	1	51	no	1.1	a	1.033	5887	998	93	842	60	902	14.3027008663156	1.0191948360795	15.3218957023951	44.5449165786017	37.5870534841737	15.3983888237872	120.354290293417	96.4931785687172	78.8322421691482	49.7296368766972	41.6314373737343	19.7391872784383	9.3186372745491	1.1	33	66
2024-07-21	D. dianthus	1	51	no	1.1	b	1.067	14189	959	106	835	18	853	5.88484036930016	0.126858834308267	6.01169920360843	36.6064538993373	32.7313328549457	10.7730338472993	122.886367220924	93.2760540582862	90.8522178922219	38.4271320233567	34.0089471359072	12.4628642257384	11.0531803962461	1.1	33	66
2024-07-21	D. dianthus	1	51	no	1.1	c	1.083	2178	937	74	555	305	860	25.4820936639118	14.0036730945822	39.485766758494	54.9405562313383	43.5531683520082	21.8032626480091	143.693490485899	113.848018521498	102.337651689666	86.7812420299819	68.5207853047964	50.6062772162825	7.89754535752401	1.1	33	66
2024-07-21	D. dianthus	1	51	yes	1.1	a	1.25	1960	680	62	464	153	617	23.6734693877551	7.80612244897959	31.4795918367347	51.0509801906926	42.2118397132442	21.7637520809358	137.589735419341	111.622176149385	95.0437288227957	72.6013679035973	59.4558934171962	40.0270331313476	9.11764705882353	1.1	33	67
2024-07-21	D. dianthus	1	51	yes	1.1	b	1.233	8020	1804	161	1297	342	1639	16.1720698254364	4.2643391521197	20.4364089775561	46.1050486273846	38.7567380385383	17.8336789552354	142.281018508485	106.068207212978	116.792543312889	66.3250515599904	52.8671284640318	38.6270204777049	8.92461197339246	1.1	33	67
2024-07-21	D. dianthus	1	51	yes	1.1	c	1.2	3657	1433	110	934	384	1318	25.5400601585999	10.5004101722724	36.0404703308723	54.5549400700377	43.7731035979771	25.0128749681417	133.81029515628	106.705938110983	95.5896517403345	77.759398361954	62.1743553273475	45.6945354552616	7.67620376831821	1.1	33	67
2025-01-20	D. pertusum	1	79	no	22.25	a	22.25	151	139	92	36	10	46	23.8410596	6.622516556	30.46357616	58.41741328	50.26177456	35.95035584	95.03499301	87.15803635	78.80528125	66.795109	58.73500022	45.81705301	66.1870503597122	22.25	34	68
2025-01-20	D. pertusum	1	79	no	22.25	b	22.25	175	145	103	36	6	42	20.57142857	3.428571429	24	53.75424412	46.91600178	33.58186416	90.05498037	83.72666667	66.71683362	58.94006358	52.17466819	38.31543123	71.0344827586207	22.25	34	68
2025-01-20	D. pertusum	1	79	no	22.25	c	22.25	214	164	111	44	7	51	20.56074766	3.271028037	23.8317757	58.92517388	50.2853328	33.47378362	99.70626266	89.33800077	80.64256332	65.3791547	56.54742545	40.9976331	67.6829268292683	22.25	34	68
2025-01-20	D. pertusum	1	79	no	27.2	a	27.167	163	128	68	57	3	60	34.96932515	1.840490798	36.80981595	57.02311079	50.44575644	34.44918545	97.95519483	89.07043921	60.32183845	59.069715	52.37699058	35.7428181	53.125	27.2	34	69
2025-01-20	D. pertusum	1	79	no	27.2	b	27.167	158	134	106	28	0	28	17.72151899	0	17.72151899	50.6281803	42.75070424	28.7296669	NA	NA	NA	50.6281803	42.75070424	28.7296669	79.1044776119403	27.2	34	69
2025-01-20	D. pertusum	1	79	no	27.2	c	27.167	118	95	79	16	0	16	13.55932203	0	13.55932203	57.29312933	51.50547506	33.41603008	NA	NA	NA	57.29312933	51.50547506	33.41603008	83.1578947368421	27.2	34	69
2025-01-20	D. pertusum	mix	79	no	2.8	a	2.833	184	124	119	5	0	5	2.717391304	0	2.717391304	31.16982899	24.40586583	16.730836	NA	NA	NA	31.16982899	24.40586583	16.730836	95.9677419354839	2.8	35	70
2025-01-20	D. pertusum	mix	79	no	2.8	b	2.833	135	88	84	4	0	4	2.962962963	0	2.962962963	41.93473663	31.20555996	28.15760327	NA	NA	NA	41.93473663	31.20555996	28.15760327	95.4545454545455	2.8	35	70
2025-01-20	D. pertusum	mix	79	no	2.8	c	2.833	128	97	95	2	0	2	1.5625	0	1.5625	46.49321686	43.61302863	14.48426472	NA	NA	NA	46.49321686	43.61302863	14.48426472	97.9381443298969	2.8	35	70
2025-01-20	D. pertusum	mix	79	yes	3.8	a	3.833	107	89	76	12	1	13	11.21495327	0.934579439	12.14953271	42.89912274	35.7699095	22.91743979	92.84873539	85.04980803	24.31219801	46.74140064	39.56067092	23.02472889	85.3932584269663	3.8	35	71
2025-01-20	D. pertusum	mix	79	yes	3.8	b	3.833	100	70	60	9	1	10	9	1	10	42.47666622	38.67369156	10.29457115	96.30775664	92.05630745	19.89318052	47.85977526	44.01195315	11.25443208	85.7142857142857	3.8	35	71
2025-01-20	D. pertusum	mix	79	yes	3.8	c	3.833	88	66	53	8	5	13	9.090909091	5.681818182	14.77272727	43.03073119	40.12986476	14.05169531	113.8113218	98.75620116	37.35233036	70.25403527	62.67845568	23.01347802	80.3030303030303	3.8	35	71
2025-01-26	D. pertusum	1	75	no	0.5	a	0.5	130	94	84	7	3	10	5.384615385	2.307692308	7.692307692	48.4822398	44.76507475	16.97066402	89.4906557	83.59878162	64.39529037	60.78476457	56.41518681	31.19805193	89.3617021276596	0.5	36	72
2025-01-26	D. pertusum	1	75	no	0.5	b	0.5	124	103	94	8	1	9	6.451612903	0.806451613	7.258064516	42.40908697	36.74811288	19.88525327	94.08611758	80.98323171	70.46462699	48.15097926	41.66312608	25.50518368	91.2621359223301	0.5	36	72
2025-01-26	D. pertusum	1	75	no	0.5	c	0.5	127	113	98	12	3	15	9.448818898	2.362204724	11.81102362	54.25480872	43.59893256	34.17524781	95.10938261	87.13724094	79.36728899	62.4257235	52.30659424	43.21365605	86.7256637168142	0.5	36	72
2025-01-26	D. pertusum	1	75	yes	0.5	a	0.833	126	94	77	15	2	17	11.9047619	1.587301587	13.49206349	43.70973071	35.02578936	21.98922515	101.3344962	92.32410673	81.79281944	50.48911488	41.76676787	29.02494212	81.9148936170213	0.5	36	73
2025-01-26	D. pertusum	1	75	yes	0.5	b	0.833	104	85	80	5	0	5	4.807692308	0	4.807692308	58.523011	54.98374941	36.59907353	NA	NA	NA	58.523011	54.98374941	36.59907353	94.1176470588235	0.5	36	73
2025-01-26	D. pertusum	1	75	yes	0.5	c	0.833	64	53	39	10	4	14	15.625	6.25	21.875	57.67098673	47.10050489	31.29349722	100.3886278	91.30836319	80.38108739	69.87602704	59.73132155	45.31852298	73.5849056603774	0.5	36	73
2025-01-26	D. pertusum	2	75	no	1	a	1.017	90	83	58	22	3	25	24.44444444	3.333333333	27.77777778	57.92385997	51.13801851	30.56212148	89.59285682	83.20242262	69.24177899	61.72413959	54.98574701	35.20368038	69.8795180722892	1	37	74
2025-01-26	D. pertusum	2	75	no	1	b	1.017	59	42	40	1	0	1	1.694915254	0	1.694915254	48.83056169	37.92127669	23.10230215	NA	NA	NA	67.61851346	58.50613962	38.88342947	95.2380952380952	1	37	74
2025-01-26	D. pertusum	2	75	no	1	c	1.017	80	60	52	8	0	8	10	0	10	38.6608942	32.46662849	23.48871604	NA	NA	NA	38.6608942	32.46662849	23.48871604	86.6666666666667	1	37	74
2025-01-26	D. pertusum	2	75	no	21.2	a	21.2	140	131	111	17	3	20	12.14285714	2.142857143	14.28571429	40.79065119	34.52722438	18.42063951	97.36464301	85.15760815	44.60846299	49.27674997	42.12178195	22.34881303	84.7328244274809	21.2	37	75
2025-01-26	D. pertusum	2	75	no	21.2	b	21.2	202	168	131	36	1	37	17.82178218	0.495049505	18.31683168	54.63423953	48.1428783	26.61537822	87.72303717	84.59585417	46.95243857	55.52853136	49.12809387	27.1650285	77.9761904761905	21.2	37	75
2025-01-26	D. pertusum	2	75	no	21.2	c	21.2	160	139	95	42	1	43	26.25	0.625	26.875	54.08338464	49.11937028	30.8250056	86.80368061	80.78389645	44.10756003	55.53792201	50.52345773	31.8599108	68.3453237410072	21.2	37	75
2025-01-26	D. pertusum	2	75	no	38	a	38	150	105	101	4	0	4	2.666666667	0	2.666666667	48.58425748	45.36341371	27.07177143	NA	NA	NA	48.58425748	45.36341371	27.07177143	96.1904761904762	38	37	76
2025-01-26	D. pertusum	2	75	no	38	b	38	170	151	137	13	1	14	7.647058824	0.588235294	8.235294118	58.34578437	49.68275732	26.66784673	89.59367834	82.01180178	42.42617675	60.5777768	51.99197478	27.79344173	90.728476821192	38	37	76
2025-01-26	D. pertusum	2	75	no	38	c	38	239	200	178	22	0	22	9.205020921	0	9.205020921	45.6342885	40.95432568	19.91767115	NA	NA	NA	45.6342885	40.95432568	19.91767115	89	38	37	76
2025-01-26	D. pertusum	2	75	yes	1	a	1.467	59	42	36	6	0	6	10.16949153	0	10.16949153	47.42576417	34.99440441	31.36953274	NA	NA	NA	47.42576417	34.99440441	31.36953274	85.7142857142857	1	37	77
2025-01-26	D. pertusum	2	75	yes	1	b	1.467	26	18	17	1	0	1	3.846153846	0	3.846153846	33.6909836	31.71240898	6.158505094	NA	NA	NA	33.6909836	31.71240898	6.158505094	94.4444444444444	1	37	77
2025-01-26	D. pertusum	2	75	yes	1	c	1.467	30	26	23	3	0	3	10	0	10	41.81943265	38.95131899	16.78946963	NA	NA	NA	41.81943265	38.95131899	16.78946963	88.4615384615385	1	37	77
2025-01-26	D. pertusum	2	75	yes	21.2	a	21.2	238	219	161	56	2	58	23.52941176	0.840336134	24.3697479	53.07572804	47.41833593	24.79601594	110.0866891	98.23233521	50.54171789	55.04162325	49.17054281	25.68379877	73.5159817351598	21.2	37	78
2025-01-26	D. pertusum	2	75	yes	21.2	b	21.2	361	319	258	57	2	59	15.78947368	0.55401662	16.3434903	50.83174301	43.83632958	24.60773906	92.62945234	85.25788386	45.22821259	53.36171817	46.37188479	25.7258499	80.8777429467085	21.2	37	78
2025-01-26	D. pertusum	2	75	yes	21.2	c	21.2	260	225	138	86	0	86	33.07692308	0	33.07692308	57.28516276	50.10816654	32.00125567	NA	NA	NA	57.60703407	50.44705166	32.04860274	61.3333333333333	21.2	37	78
2025-01-26	D. pertusum	2	75	yes	38	a	38	272	200	150	47	3	50	17.27941176	1.102941176	18.38235294	54.97396872	48.89858839	30.52534918	97.2483915	90.51801563	59.08569539	57.51043409	51.39575402	32.23896995	75	38	37	79
2025-01-26	D. pertusum	2	75	yes	38	b	38	303	252	202	50	0	50	16.50165017	0	16.50165017	45.22019921	40.59072952	19.39400881	NA	NA	NA	45.22019921	40.59072952	19.39400881	80.1587301587302	38	37	79
2025-01-26	D. pertusum	2	75	yes	38	c	38	377	322	240	81	1	82	21.48541114	0.265251989	21.75066313	46.96323579	42.17317716	19.7269891	91.86592739	84.88205459	37.02958446	47.51082959	42.69401713	19.93799636	74.5341614906832	38	37	79
2025-02-05	D. pertusum	1	81	no	0.7	a	0.667	825	677	159	516	2	518	62.54545455	0.242424242	62.78787879	48.02755994	42.79715863	17.40925124	101.9690226	84.06063458	11.51959535	48.23582813	42.95647707	17.38651125	23.4859675036928	0.7	38	80
2025-02-05	D. pertusum	1	81	no	0.7	b	0.667	690	558	155	395	7	402	57.24637681	1.014492754	58.26086957	51.37985352	45.95710849	18.99091159	95.18181445	87.28455601	40.9239018	52.27720521	46.75777053	19.51817937	27.7777777777778	0.7	38	80
2025-02-05	D. pertusum	1	81	no	0.7	c	0.667	801	647	210	423	12	435	52.80898876	1.498127341	54.3071161	52.07682228	46.54218604	21.41185308	90.38448678	83.37689767	25.56013382	53.276693	47.70405305	21.55719574	32.4574961360124	0.7	38	80
2025-02-05	D. pertusum	1	81	yes	0.7	a	1	560	509	174	334	1	335	59.64285714	0.178571429	59.82142857	45.29090656	41.44383891	16.07205391	88.80033946	81.71414356	29.73459011	45.42078546	41.56404878	16.1128376	34.1846758349705	0.7	38	81
2025-02-05	D. pertusum	1	81	yes	0.7	b	1	398	340	148	188	4	192	47.2361809	1.005025126	48.24120603	49.91302881	45.36752491	19.50057323	98.11519307	91.33992981	35.80811087	50.91724056	46.32528335	19.84031359	43.5294117647059	0.7	38	81
2025-02-05	D. pertusum	1	81	yes	0.7	c	1	569	473	211	261	1	262	45.86994728	0.175746924	46.0456942	44.64965834	40.17661849	15.44480751	88.69423148	81.46375542	37.38651499	44.8177674	40.33420298	15.52855448	44.6088794926004	0.7	38	81
2025-02-05	D. pertusum	3	81	no	5	a	4.75	897	739	667	57	13	70	6.35451505	1.449275362	7.803790412	51.60126549	46.11150612	27.66273514	96.99513302	88.68546348	72.42256982	60.78925258	54.72494455	36.7642523	90.2571041948579	5	39	82
2025-02-05	D. pertusum	3	81	no	5	b	4.75	950	820	674	98	46	144	10.31578947	4.842105263	15.15789474	51.22653203	44.49006576	26.88390336	101.8499578	92.47552993	78.03430564	67.71787655	60.09301495	43.62518794	82.1951219512195	5	39	82
2025-02-05	D. pertusum	3	81	no	5	c	4.75	155	119	90	21	7	28	13.5483871	4.516129032	18.06451613	50.53026042	42.36703335	23.32112721	96.25444076	89.59805416	71.48022696	62.8684407	55.06509731	36.30901521	75.6302521008403	5	39	82
2025-02-05	D. pertusum	3	81	yes	5	a	5	110	80	45	29	6	35	26.36363636	5.454545455	31.81818182	50.40238304	46.07340469	21.57103532	97.1275428	90.20461139	69.1368326	58.41241043	53.63875441	29.72517199	56.25	5	39	83
2025-02-05	D. pertusum	3	81	yes	5	b	5	68	46	33	11	2	13	16.17647059	2.941176471	19.11764706	71.0221515	58.0367595	39.36749572	91.08426516	84.43121274	57.14137201	74.10863053	62.09744462	42.10193823	71.7391304347826	5	39	83
2025-02-05	D. pertusum	3	81	yes	5	c	5	33	27	16	10	1	11	30.3030303	3.03030303	33.33333333	46.87752206	43.22023526	22.43311686	90.31607531	83.60295473	65.76121834	50.82648145	46.89139158	26.37203517	59.2592592592593	5	39	83
2025-02-06	D. pertusum	3	80	no	1.33	a	1.333	157	99	75	24	0	24	15.2866242	0	15.2866242	35.57800684	28.58811429	10.14792261	NA	NA	NA	35.57800684	28.58811429	10.14792261	75.7575757575758	1.33	40	84
2025-02-06	D. pertusum	3	80	no	1.33	b	1.333	93	66	65	1	0	1	1.075268817	0	1.075268817	55.49387022	41.90135668	16.13038134	NA	NA	NA	55.49387022	41.90135668	16.13038134	98.4848484848485	1.33	40	84
2025-02-06	D. pertusum	3	80	no	1.33	c	1.333	82	65	62	3	0	3	3.658536585	0	3.658536585	55.10395433	43.42699329	29.61482053	NA	NA	NA	55.10395433	43.42699329	29.61482053	95.3846153846154	1.33	40	84
2025-02-06	D. pertusum	3	80	no	17	a	16.833	159	108	62	37	9	46	23.27044025	5.660377358	28.93081761	57.37282009	50.49029322	31.1738623	96.59387174	89.26121424	75.81001736	65.04650411	58.0759082	39.90702308	57.4074074074074	17	40	85
2025-02-06	D. pertusum	3	80	no	17	b	16.833	49	44	20	20	1	21	40.81632653	2.040816327	42.85714286	61.97350492	56.49331041	36.23475903	88.994467	82.8038412	70.36034812	65.95596251	60.4473969	40.57560798	45.4545454545455	17	40	85
2025-02-06	D. pertusum	3	80	no	17	c	16.833	59	41	18	19	4	23	32.20338983	6.779661017	38.98305085	55.74913423	50.34667044	28.29953139	96.6829905	89.76875129	69.00316041	62.86806576	57.2026845	35.37842339	43.9024390243902	17	40	85
2025-02-06	D. pertusum	3	80	yes	17	a	17	46	45	30	11	4	15	23.91304348	8.695652174	32.60869565	53.81032854	50.14632578	26.52256088	98.26596358	91.76260223	67.60502892	65.66516455	61.2439995	37.47788569	66.6666666666667	17	40	86
2025-02-06	D. pertusum	3	80	yes	17	b	17	45	36	33	3	0	3	6.666666667	0	6.666666667	36.51605044	33.23729492	15.47569088	NA	NA	NA	36.51605044	33.23729492	15.47569088	91.6666666666667	17	40	86
2025-02-06	D. pertusum	3	80	yes	17	c	17	28	21	11	9	1	10	32.14285714	3.571428571	35.71428571	54.39497639	46.67485785	31.75654812	94.87368414	88.2798195	83.15879465	58.44284717	50.83535402	36.89677277	52.3809523809524	17	40	86
2025-02-06	D. pertusum	3	81	no	21.5	a	21.25	179	156	113	42	1	43	23.46368715	0.558659218	24.02234637	48.83290145	43.3594472	28.43020055	86.19400919	80.32757061	26.86381422	49.70176442	44.219171	28.39377297	72.4358974358974	21.5	41	87
2025-02-06	D. pertusum	3	81	no	21.5	b	21.25	93	72	47	23	0	23	24.7311828	0	24.7311828	49.99628815	43.9217925	25.30994904	NA	NA	NA	53.12254124	46.77719899	28.50507179	65.2777777777778	21.5	41	87
2025-02-06	D. pertusum	3	81	no	21.5	c	21.25	56	51	41	9	1	10	16.07142857	1.785714286	17.85714286	48.61657939	45.27228673	23.23289998	95.5237302	88.91144414	69.69611828	53.30729447	49.63620247	27.87922181	80.3921568627451	21.5	41	87
2025-02-06	D. pertusum	3	81	yes	21.5	a	21.583	149	95	75	16	4	20	10.73825503	2.684563758	13.42281879	58.75482849	48.81867399	32.40439682	104.4031675	88.55827174	67.83348303	67.88449629	56.76659354	39.49021406	78.9473684210526	21.5	41	88
2025-02-06	D. pertusum	3	81	yes	21.5	b	21.583	89	63	60	3	0	3	3.370786517	0	3.370786517	73.08932443	53.05798265	32.71662247	NA	NA	NA	73.08932443	53.05798265	32.71662247	95.2380952380952	21.5	41	88
2025-02-06	D. pertusum	3	81	yes	21.5	c	21.583	192	141	17	124	0	124	64.58333333	0	64.58333333	28.77479812	26.18094701	3.124338661	NA	NA	NA	28.77479812	26.18094701	3.124338661	12.0567375886525	21.5	41	88
2025-02-09	D. pertusum	1	79	no	25.5	a	25.583	621	500	381	118	1	119	19.00161031	0.161030596	19.1626409	50.98028495	43.24977504	27.07723147	90.75878398	82.70540618	25.34891751	51.31455805	43.58133497	27.06270783	76.2	25.5	42	89
2025-02-09	D. pertusum	1	79	no	25.5	b	25.583	713	548	443	102	3	105	14.30575035	0.420757363	14.72650771	51.24636332	40.38226455	29.20401445	90.37299209	81.59442552	73.77051689	52.364267	41.55975487	30.47734309	80.8394160583942	25.5	42	89
2025-02-09	D. pertusum	1	79	no	25.5	c	25.583	582	473	387	85	1	86	14.604811	0.171821306	14.7766323	52.81185934	41.78425291	26.72546407	123.3230472	81.24496306	120.2313343	53.63175688	42.24309837	27.81274163	81.8181818181818	25.5	42	89
2025-02-09	D. pertusum	1	79	yes	25.5	a	25.583	398	320	272	47	1	48	11.80904523	0.251256281	12.06030151	48.8849448	39.73230222	27.1806398	88.94805441	84.03747514	73.55795253	49.71959291	40.65532665	28.14683381	85	25.5	42	90
2025-02-09	D. pertusum	1	79	yes	25.5	b	25.583	666	538	436	101	1	102	15.16516517	0.15015015	15.31531532	46.73542536	40.47076778	24.84257288	124.0119857	82.31854025	123.159024	47.49303869	40.88104006	25.80645966	81.0408921933086	25.5	42	90
2025-02-09	D. pertusum	1	79	yes	25.5	c	25.583	603	484	417	65	2	67	10.77943615	0.331674959	11.11111111	48.34111453	41.80363332	23.63117437	88.46626955	82.89941737	45.08956774	49.53888035	43.03037314	24.27172342	86.1570247933884	25.5	42	90
2025-03-02	D. pertusum	1	79	no	5.7	a	5.667	58	52	32	10	10	20	17.24137931	17.24137931	34.48275862	50.44975237	44.3512115	24.82229629	115.2215605	103.025166	74.58616381	82.83565644	73.68818877	49.70423005	61.5384615384615	5.7	43	91
2025-03-02	D. pertusum	1	79	no	5.7	b	5.667	105	47	40	3	4	7	2.857142857	3.80952381	6.666666667	68.0130788	46.58751578	51.42039937	115.7347333	107.0215422	101.2501181	95.28259565	81.12124515	79.89452437	85.1063829787234	5.7	43	91
2025-03-02	D. pertusum	1	79	no	5.7	c	5.667	58	48	34	5	9	14	8.620689655	15.51724138	24.13793103	48.752374	43.70668872	19.27991163	116.8729384	108.4570608	88.90092138	92.54416539	85.33192789	64.03627504	70.8333333333333	5.7	43	91
2025-03-02	D. pertusum	1	79	no	16.2	a	16.117	166	149	109	32	8	40	19.27710843	4.819277108	24.09638554	53.14688135	47.33479251	23.12713277	101.5220902	94.3331176	54.04573557	62.82192312	56.73445753	29.31085333	73.1543624161074	16.2	43	92
2025-03-02	D. pertusum	1	79	no	16.2	b	16.117	275	214	177	31	5	36	11.27272727	1.818181818	13.09090909	45.52162298	41.90514081	16.42670159	115.4639164	92.28590753	63.6408665	56.01056008	49.74223302	23.46486144	82.7102803738318	16.2	43	92
2025-03-02	D. pertusum	1	79	no	16.2	c	16.117	323	278	231	33	14	47	10.21671827	4.334365325	14.55108359	50.01644219	42.49311772	22.03656922	102.0144683	94.27749977	62.37208313	65.50521592	57.9182528	34.05140315	83.0935251798561	16.2	43	92
2025-03-02	D. pertusum	1	79	no	31.33	a	31.333	394	300	286	14	0	14	3.553299492	0	3.553299492	42.97799683	39.91809323	26.06651156	NA	NA	NA	42.97799683	39.91809323	26.06651156	95.3333333333333	31.33	43	93
2025-03-02	D. pertusum	1	79	no	31.33	b	31.333	184	124	122	2	0	2	1.086956522	0	1.086956522	27.67320086	24.92784839	11.38250258	NA	NA	NA	27.67320086	24.92784839	11.38250258	98.3870967741936	31.33	43	93
2025-03-02	D. pertusum	1	79	no	31.33	c	31.333	250	136	129	6	1	7	2.4	0.4	2.8	49.09002755	46.11285473	32.5556238	146.4000546	131.1285731	104.8217188	62.99145999	58.25795736	42.87935165	94.8529411764706	31.33	43	93
2025-03-02	D. pertusum	1	79	yes	5.7	a	5.833	55	48	36	8	3	11	14.54545455	5.454545455	20	53.8029732	49.71868295	20.47399826	129.3473951	120.3337634	114.2306054	75.67648743	69.88327387	46.92413638	75	5.7	43	94
2025-03-02	D. pertusum	1	79	yes	5.7	b	5.833	119	91	65	8	18	26	6.722689076	15.12605042	21.8487395	51.71754063	48.17788166	29.80278207	125.5045819	112.7359312	109.6300935	102.8008769	92.87191599	85.06784383	71.4285714285714	5.7	43	94
2025-03-02	D. pertusum	1	79	yes	5.7	c	5.833	105	83	54	13	16	29	12.38095238	15.23809524	27.61904762	63.23497103	50.85923236	26.55625281	130.5991076	116.4429117	108.8229666	100.4013912	87.04333129	71.94478453	65.0602409638554	5.7	43	94
2025-03-02	D. pertusum	1	79	yes	16.2	a	16.267	486	375	327	34	13	47	6.995884774	2.674897119	9.670781893	47.30154971	42.63266483	20.72871554	109.3813126	98.71786262	86.81811658	64.94091147	58.59191512	38.99200552	87.2	16.2	43	95
2025-03-02	D. pertusum	1	79	yes	16.2	b	16.267	253	218	160	30	26	56	11.85770751	10.27667984	22.13438735	57.66394585	49.92201142	23.01939748	117.6804608	104.2603509	93.26365546	85.83443571	75.30346506	55.969036	73.394495412844	16.2	43	95
2025-03-02	D. pertusum	1	79	yes	16.2	c	16.267	308	271	191	55	25	80	17.85714286	8.116883117	25.97402597	54.47613859	47.19625436	22.26653388	117.928511	101.98058	86.9708413	74.30500497	64.31635612	42.48662994	70.479704797048	16.2	43	95
2025-03-02	D. pertusum	1	79	yes	31.33	a	31.333	121	104	88	15	1	16	12.39669421	0.826446281	13.2231405	57.78240442	51.12534732	23.85754586	100.1598304	91.99343146	83.95131291	60.43099354	53.67960258	27.6134063	84.6153846153846	31.33	43	96
2025-03-02	D. pertusum	1	79	yes	31.33	b	31.333	210	173	128	41	4	45	19.52380952	1.904761905	21.42857143	59.00895032	52.66413543	24.77685929	90.71391658	84.13224854	41.07302569	61.82716954	55.46130104	26.22540742	73.9884393063584	31.33	43	96
2025-03-02	D. pertusum	1	79	yes	31.33	c	31.333	165	147	101	40	6	46	24.24242424	3.636363636	27.87878788	55.15666172	47.99465903	24.747981	114.2348041	98.3567373	70.85011408	62.86250637	54.56362576	30.7613027	68.7074829931973	31.33	43	96
